17.1.bmp 0
501 3
502 3
503 3
504 3
505 3
506 3
507 3
508 3
509 3
510 3
511 3
512 3
513 3
514 3
515 3
516 3
517 3
518 3
519 3
520 3
521 3
522 3
523 3
524 3
525 3
526 3
527 3
528 3
529 3
530 3
531 3
532 3
533 3
534 3
535 3
536 3
537 3
538 3
539 3
540 3
541 3
542 3
543 3
544 3
545 3
546 3
547 3
548 3
549 3
550 3
551 3
552 3
553 3
554 3
555 3
556 3
557 3
558 3
559 3
560 3
561 3
562 3
563 3
564 3
565 3
566 3
567 3
568 3
569 3
570 3
571 3
572 3
573 3
574 3
575 3
576 3
577 3
578 3
579 3
580 3
581 3
582 3
583 3
584 3
585 3
586 3
587 3
588 3
589 3
590 3
591 3
592 3
593 3
594 3
595 3
596 3
597 3
598 3
599 3
600 3
501 3
502 3
503 3
504 3
505 3
506 3
507 3
508 3
509 3
510 3
511 3
512 3
513 3
514 3
515 3
516 3
517 3
518 3
519 3
520 3
521 3
522 3
523 3
524 3
525 3
526 3
527 3
528 3
529 3
530 3
531 3
532 3
533 3
534 3
535 3
536 3
537 3
538 3
539 3
540 3
541 3
542 3
543 3
544 3
545 3
546 3
547 3
548 3
549 3
550 3
551 3
552 3
553 3
554 3
555 3
556 3
557 3
558 3
559 3
560 3
561 3
562 3
563 3
564 3
565 3
566 3
567 3
568 3
569 3
570 3
571 3
572 3
573 3
574 3
575 3
576 3
577 3
578 3
579 3
580 3
581 3
582 3
583 3
584 3
585 3
586 3
587 3
588 3
589 3
590 3
591 3
592 3
593 3
594 3
595 3
596 3
597 3
598 3
599 3
600 3
601 3
602 3
603 3
604 3
605 3
606 3
607 3
608 3
609 3
610 3
611 3
612 3
613 3
614 3
615 3
616 3
617 3
618 3
619 3
620 3
621 3
622 3
623 3
624 3
625 3
626 3
627 3
628 3
629 3
630 3
631 3
632 3
633 3
634 3
635 3
636 3
637 3
638 3
639 3
640 3
641 3
642 3
643 3
644 3
645 3
646 3
647 3
648 3
649 3
650 3
651 3
652 3
653 3
654 3
655 3
656 3
657 3
658 3
659 3
660 3
661 3
662 3
663 3
664 3
665 3
666 3
667 3
668 3
669 3
670 3
671 3
672 3
673 3
674 3
675 3
676 3
677 3
678 3
679 3
680 3
681 3
682 3
683 3
684 3
685 3
686 3
687 3
688 3
689 3
690 3
691 3
692 3
693 3
694 3
695 3
696 3
697 3
698 3
699 3
700 3
701 3
702 3
703 3
704 3
705 3
706 3
707 3
708 3
709 3
710 3
711 3
712 3
713 3
714 3
715 3
716 3
717 3
718 3
719 3
720 3
721 3
722 3
723 3
724 3
725 3
726 3
727 3
728 3
729 3
730 3
731 3
732 3
733 3
734 3
735 3
736 3
737 3
738 3
739 3
740 3
741 3
742 3
743 3
744 3
745 3
746 3
747 3
748 3
749 3
750 3
751 3
752 3
753 3
754 3
755 3
756 3
757 3
758 3
759 3
760 3
761 3
762 3
763 3
764 3
765 3
766 3
767 3
768 3
769 3
770 3
771 3
772 3
773 3
774 3
775 3
776 3
777 3
778 3
779 3
780 3
781 3
782 3
783 3
784 3
785 3
786 3
787 3
788 3
789 3
790 3
791 3
792 3
793 3
794 3
795 3
796 3
797 3
798 3
799 3
800 3
801 3
802 3
803 3
804 3
805 3
806 3
807 3
808 3
809 3
810 3
811 3
812 3
813 3
814 3
815 3
816 3
817 3
818 3
819 3
820 3
821 3
822 3
823 3
824 3
825 3
826 3
827 3
828 3
829 3
830 3
831 3
832 3
833 3
834 3
835 3
836 3
837 3
838 3
839 3
840 3
841 3
842 3
843 3
844 3
845 3
846 3
847 3
848 3
849 3
850 3
851 3
852 3
853 3
854 3
855 3
856 3
857 3
858 3
859 3
860 3
861 3
862 3
863 3
864 3
865 3
866 3
867 3
868 3
869 3
870 3
871 3
872 3
873 3
874 3
875 3
876 3
877 3
878 3
879 3
880 3
881 3
882 3
883 3
884 3
885 3
886 3
887 3
888 3
889 3
890 3
891 3
892 3
893 3
894 3
895 3
896 3
897 3
898 3
899 3
900 3
4553.2.bmp 0
4553.2.bmp 0
4553.2.bmp 0
20002 3
20003 3
20004 3
20005 3
20006 3
20007 3
20008 3
20009 3
20010 3
20011 3
20012 3
20013 3
20014 3
20015 3
20016 3
20017 3
20018 3
20019 3
20020 3
20021 3
20022 3
20023 3
20024 3
20025 3
20026 3
20027 3
20028 3
20029 3
20030 3
20031 3
20032 3
20033 3
20034 3
20035 3
20036 3
20037 3
20038 3
20039 3
20040 3
20041 3
20042 3
20043 3
20044 3
20045 3
20046 3
20047 3
20048 3
20049 3
20050 3
20051 3
20052 3
20053 3
20054 3
20055 3
20056 3
20057 3
20058 3
20059 3
20060 3
20061 3
20062 3
20063 3
20064 3
20065 3
20066 3
20067 3
20068 3
20069 3
20070 3
20071 3
20072 3
20073 3
20074 3
20075 3
20076 3
20077 3
20078 3
20079 3
20080 3
20081 3
20082 3
20083 3
20084 3
20085 3
20086 3
20087 3
20088 3
20089 3
20090 3
20091 3
20092 3
20093 3
20094 3
20095 3
20096 3
20097 3
20098 3
20099 3
20100 3
20101 3
20102 3
20103 3
20104 3
20105 3
20106 3
20107 3
20108 3
20109 3
20110 3
20111 3
20112 3
20113 3
20114 3
20115 3
20116 3
20117 3
20118 3
20119 3
20120 3
20121 3
20122 3
20123 3
20124 3
20125 3
20126 3
20127 3
20128 3
20129 3
20130 3
20131 3
20132 3
20133 3
20134 3
20135 3
20136 3
20137 3
20138 3
20139 3
20140 3
20141 3
20142 3
20143 3
20144 3
20145 3
20146 3
20147 3
20148 3
20149 3
20150 3
20151 3
20152 3
20153 3
20154 3
20155 3
20156 3
20157 3
20158 3
20159 3
20160 3
20161 3
20162 3
20163 3
20164 3
20165 3
20166 3
20167 3
20168 3
20169 3
20170 3
20171 3
20172 3
20173 3
20174 3
20175 3
20176 3
20177 3
20178 3
20179 3
20180 3
20181 3
20182 3
20183 3
20184 3
20185 3
20186 3
20187 3
20188 3
20189 3
20190 3
20191 3
20192 3
20193 3
20194 3
20195 3
20196 3
20197 3
20198 3
20199 3
20200 3
20201 3
20202 3
20203 3
20204 3
20205 3
20206 3
20207 3
20208 3
20209 3
20210 3
20211 3
20212 3
20213 3
20214 3
20215 3
20216 3
20217 3
20218 3
20219 3
20220 3
20221 3
20222 3
20223 3
20224 3
20225 3
20226 3
20227 3
20228 3
20229 3
20230 3
20231 3
20232 3
20233 3
20234 3
20235 3
20236 3
20237 3
20238 3
20239 3
20240 3
20241 3
20242 3
20243 3
20244 3
20245 3
20246 3
20247 3
20248 3
20249 3
20250 3
20251 3
20252 3
20253 3
20254 3
20255 3
20256 3
20257 3
20258 3
20259 3
20260 3
20261 3
20262 3
20263 3
20264 3
20265 3
20266 3
20267 3
20268 3
20269 3
20270 3
20271 3
20272 3
20273 3
20274 3
20275 3
20276 3
20277 3
20278 3
20279 3
20280 3
20281 3
20282 3
20283 3
20284 3
20285 3
20286 3
20287 3
20288 3
20289 3
20290 3
20291 3
20292 3
20293 3
20294 3
20295 3
20296 3
20297 3
20298 3
20299 3
20300 3
20301 3
20302 3
20303 3
20304 3
20305 3
20306 3
20307 3
20308 3
20309 3
20310 3
20311 3
20312 3
20313 3
20314 3
20315 3
20316 3
20317 3
20318 3
20319 3
20320 3
20321 3
20322 3
20323 3
20324 3
20325 3
20326 3
20327 3
20328 3
20329 3
20330 3
20331 3
20332 3
20333 3
20334 3
20335 3
20336 3
20337 3
20338 3
20339 3
20340 3
20341 3
20342 3
20343 3
20344 3
20345 3
20346 3
20347 3
20348 3
20349 3
20350 3
20351 3
20352 3
20353 3
20354 3
20355 3
20356 3
20357 3
20358 3
20359 3
20360 3
20361 3
20362 3
20363 3
20364 3
20365 3
20366 3
20367 3
20368 3
20369 3
20370 3
20371 3
20372 3
20373 3
20374 3
20375 3
20376 3
20377 3
20378 3
20379 3
20380 3
20381 3
20382 3
20383 3
20384 3
20385 3
20386 3
20387 3
20388 3
20389 3
20390 3
20391 3
20392 3
20393 3
20394 3
20395 3
20396 3
20397 3
20398 3
20399 3
20400 3
20401 3
20402 3
20403 3
20404 3
20405 3
20406 3
20407 3
20408 3
20409 3
20410 3
20411 3
20412 3
20413 3
20414 3
20415 3
20416 3
20417 3
20418 3
20419 3
20420 3
20421 3
20422 3
20423 3
20424 3
20425 3
20426 3
20427 3
20428 3
20429 3
20430 3
20431 3
20432 3
20433 3
20434 3
20435 3
20436 3
20437 3
20438 3
20439 3
20440 3
20441 3
20442 3
20443 3
20444 3
20445 3
20446 3
20447 3
20448 3
20449 3
20450 3
20451 3
20452 3
20453 3
20454 3
20455 3
20456 3
20457 3
20458 3
20459 3
20460 3
20461 3
20462 3
20463 3
20464 3
20465 3
20466 3
20467 3
20468 3
20469 3
20470 3
20471 3
20472 3
20473 3
20474 3
20475 3
20476 3
20477 3
20478 3
20479 3
20480 3
20481 3
20482 3
20483 3
20484 3
20485 3
20486 3
20487 3
20488 3
20489 3
20490 3
20491 3
20492 3
20493 3
20494 3
20495 3
20496 3
20497 3
20498 3
20499 3
20500 3
20501 3
20502 3
20503 3
20504 3
20505 3
20506 3
20507 3
20508 3
20509 3
20510 3
20511 3
20512 3
20513 3
20514 3
20515 3
20516 3
20517 3
20518 3
20519 3
20520 3
20521 3
20522 3
20523 3
20524 3
20525 3
20526 3
20527 3
20528 3
20529 3
20530 3
20531 3
20532 3
20533 3
20534 3
20535 3
20536 3
20537 3
20538 3
20539 3
20540 3
20541 3
20542 3
20543 3
20544 3
20545 3
20546 3
20547 3
20548 3
20549 3
20550 3
20551 3
20552 3
20553 3
20554 3
20555 3
20556 3
20557 3
20558 3
20559 3
20560 3
20561 3
20562 3
20563 3
20564 3
20565 3
20566 3
20567 3
20568 3
20569 3
20570 3
20571 3
20572 3
20573 3
20574 3
20575 3
20576 3
20577 3
20578 3
20579 3
20580 3
20581 3
20582 3
20583 3
20584 3
20585 3
20586 3
20587 3
20588 3
20589 3
20590 3
20591 3
20592 3
20593 3
20594 3
20595 3
20596 3
20597 3
20598 3
20599 3
20600 3
20601 3
20602 3
20603 3
20604 3
20605 3
20606 3
20607 3
20608 3
20609 3
20610 3
20611 3
20612 3
20613 3
20614 3
20615 3
20616 3
20617 3
20618 3
20619 3
20620 3
20621 3
20622 3
20623 3
20624 3
20625 3
20626 3
20627 3
20628 3
20629 3
20630 3
20631 3
20632 3
20633 3
20634 3
20635 3
20636 3
20637 3
20638 3
20639 3
20640 3
20641 3
20642 3
20643 3
20644 3
20645 3
20646 3
20647 3
20648 3
20649 3
20650 3
20651 3
20652 3
20653 3
20654 3
20655 3
20656 3
20657 3
20658 3
20659 3
20660 3
20661 3
20662 3
20663 3
20664 3
20665 3
20666 3
20667 3
20668 3
20669 3
20670 3
20671 3
20672 3
20673 3
20674 3
20675 3
20676 3
20677 3
20678 3
20679 3
20680 3
20681 3
20682 3
20683 3
20684 3
20685 3
20686 3
20687 3
20688 3
20689 3
20690 3
20691 3
20692 3
20693 3
20694 3
20695 3
20696 3
20697 3
20698 3
20699 3
20700 3
20701 3
20702 3
20703 3
20704 3
20705 3
20706 3
20707 3
20708 3
20709 3
20710 3
20711 3
20712 3
20713 3
20714 3
20715 3
20716 3
20717 3
20718 3
20719 3
20720 3
20721 3
20722 3
20723 3
20724 3
20725 3
20726 3
20727 3
20728 3
20729 3
20730 3
20731 3
20732 3
20733 3
20734 3
20735 3
20736 3
20737 3
20738 3
20739 3
20740 3
20741 3
20742 3
20743 3
20744 3
20745 3
20746 3
20747 3
20748 3
20749 3
20750 3
20751 3
20752 3
20753 3
20754 3
20755 3
20756 3
20757 3
20758 3
20759 3
20760 3
20761 3
20762 3
20763 3
20764 3
20765 3
20766 3
20767 3
20768 3
20769 3
20770 3
20771 3
20772 3
20773 3
20774 3
20775 3
20776 3
20777 3
20778 3
20779 3
20780 3
20781 3
20782 3
20783 3
20784 3
20785 3
20786 3
20787 3
20788 3
20789 3
20790 3
20791 3
20792 3
20793 3
20794 3
20795 3
20796 3
20797 3
20798 3
20799 3
20800 3
20801 3
20802 3
20803 3
20804 3
20805 3
20806 3
20807 3
20808 3
20809 3
20810 3
20811 3
20812 3
20813 3
20814 3
20815 3
20816 3
20817 3
20818 3
20819 3
20820 3
20821 3
20822 3
20823 3
20824 3
20825 3
20826 3
20827 3
20828 3
20829 3
20830 3
20831 3
20832 3
20833 3
20834 3
20835 3
20836 3
20837 3
20838 3
20839 3
20840 3
20841 3
20842 3
20843 3
20844 3
20845 3
20846 3
20847 3
20848 3
20849 3
20850 3
20851 3
20852 3
20853 3
20854 3
20855 3
20856 3
20857 3
20858 3
20859 3
20860 3
20861 3
20862 3
20863 3
20864 3
20865 3
20866 3
20867 3
20868 3
20869 3
20870 3
20871 3
20872 3
20873 3
20874 3
20875 3
20876 3
20877 3
20878 3
20879 3
20880 3
20881 3
20882 3
20883 3
20884 3
20885 3
20886 3
20887 3
20888 3
20889 3
20890 3
20891 3
20892 3
20893 3
20894 3
20895 3
20896 3
20897 3
20898 3
20899 3
20900 3
20901 3
20902 3
20903 3
20904 3
20905 3
20906 3
20907 3
20908 3
20909 3
20910 3
20911 3
20912 3
20913 3
20914 3
20915 3
20916 3
20917 3
20918 3
20919 3
20920 3
20921 3
20922 3
20923 3
20924 3
20925 3
20926 3
20927 3
20928 3
20929 3
20930 3
20931 3
20932 3
20933 3
20934 3
20935 3
20936 3
20937 3
20938 3
20939 3
20940 3
20941 3
20942 3
20943 3
20944 3
20945 3
20946 3
20947 3
20948 3
20949 3
20950 3
20951 3
20952 3
20953 3
20954 3
20955 3
20956 3
20957 3
20958 3
20959 3
20960 3
20961 3
20962 3
20963 3
20964 3
20965 3
20966 3
20967 3
20968 3
20969 3
20970 3
20971 3
20972 3
20973 3
20974 3
20975 3
20976 3
20977 3
20978 3
20979 3
20980 3
20981 3
20982 3
20983 3
